
[137.84422256094854, 0.06892211128047428, 137.77530044966807]
[4106.566289005623, 2.0532831445028115, 4104.51300586112]
[10.525129398721411, 0.005262564699360706, 10.519866834022052]
[138.02627727841482, 0.06901313863920741, 137.95726413977562]
[4114.07461809998, 2.0570373090499903, 4112.017580790931]
[10.533265244721381, 0.005266632622360691, 10.52799861209902]
[138.89278975598853, 0.06944639487799427, 138.82334336111055]
[4138.297905629496, 2.069148952814748, 4136.228756676682]
[10.558453276423098, 0.005279226638211549, 10.553174049784888]
[139.221764714272, 0.06961088235713601, 139.1521538319149]
[4135.648210399582, 2.067824105199791, 4133.580386294383]
[10.58684585380189, 0.005293422926900945, 10.58155243087499]
[139.2584147778833, 0.06962920738894166, 139.18878557049436]
[4139.935893690668, 2.0699679468453343, 4137.865925743823]
[10.580434163505242, 0.005290217081752621, 10.57514394642349]
[139.2346036386648, 0.0696173018193324, 139.16498633684546]
[4141.0755799460985, 2.0705377899730495, 4139.0050421561255]
[10.58127632187827, 0.005290638160939136, 10.575985683717333]
[139.35277895429223, 0.06967638947714612, 139.2831025648151]
[4147.181817638574, 2.073590908819287, 4145.108226729755]
[10.598123134975376, 0.005299061567487688, 10.592824073407888]
[139.66556288013646, 0.06983278144006823, 139.5957300986964]
[4155.500490725385, 2.077750245362693, 4153.422740480023]
[10.610654953018198, 0.005305327476509099, 10.60534962554169]
[140.31161882256225, 0.07015580941128113, 140.241463013151]
[4174.598482634328, 2.0872992413171643, 4172.511183393011]
[10.663176904192865, 0.005331588452096432, 10.657845315740769]
[140.88539100595986, 0.07044269550297994, 140.81494831045688]
[4190.0482023311515, 2.095024101165576, 4187.953178229986]
[10.697612065371663, 0.005348806032685832, 10.692263259338977]
[141.43094427333583, 0.07071547213666791, 141.36022880119916]
[4207.024455196835, 2.1035122275984177, 4204.920942969237]
[10.740533434117522, 0.005370266717058761, 10.735163167400463]
[141.79625578131592, 0.07089812789065796, 141.72535765342528]
[4213.001111890269, 2.106500555945135, 4210.8946113343245]
[10.769694742325095, 0.005384847371162548, 10.764309894953934]
[142.0116169992654, 0.07100580849963271, 141.9406111907658]
[4218.522088872474, 2.1092610444362374, 4216.412827828039]
[10.780855050322495, 0.0053904275251612475, 10.775464622797335]
[142.02606083500166, 0.07101303041750083, 141.95504780458415]
[4219.828999843736, 2.1099144999218677, 4217.719085343814]
[10.779553180100823, 0.005389776590050412, 10.774163403510773]
[141.8075843826264, 0.07090379219131321, 141.7366805904351]
[4217.600434027216, 2.108800217013608, 4215.491633810202]
[10.812662232715573, 0.005406331116357787, 10.807255901599216]
[142.17785828130658, 0.07108892914065329, 142.10676935216594]
[4230.75314189018, 2.11537657094509, 4228.637765319235]
[10.838766474208454, 0.005419383237104227, 10.83334709097135]
[142.6243287115171, 0.07131216435575856, 142.55301654716135]
[4246.567263046826, 2.123283631523413, 4244.443979415303]
[10.8826779250101, 0.00544133896250505, 10.877236586047596]
[143.10703447915878, 0.0715535172395794, 143.0354809619192]
[4258.275690379271, 2.1291378451896352, 4256.146552534081]
[10.912257284165918, 0.005456128642082959, 10.906801155523835]
[143.33960402509564, 0.07166980201254781, 143.2679342230831]
[4262.277490702806, 2.1311387453514032, 4260.1463519574545]
[10.93615158564526, 0.00546807579282263, 10.930683509852438]
[143.55824018697646, 0.07177912009348823, 143.48646106688298]
[4269.795065009166, 2.134897532504583, 4267.660167476662]
[10.96568768595654, 0.00548284384297827, 10.960204842113562]
[143.78790123820372, 0.07189395061910187, 143.71600728758463]
[4276.498449009675, 2.1382492245048375, 4274.36019978517]
[10.976060919228232, 0.005488030459614116, 10.970572888768618]
[1.680110585047293, 0.0008400552925236465, 1.6792705297547694]
[655.1716793236742, 0.32758583966183713, 654.8440934840124]
[10166.82308540891, 5.0834115427044555, 10161.739673866206]
[1.680003947052334, 0.0008400019735261671, 1.6791639450788078]
[654.466205670755, 0.3272331028353775, 654.1389725679197]
[10156.79193904558, 5.0783959695227905, 10151.713543076059]
[1.6784218694371777, 0.0008392109347185889, 1.6775826585024594]
[654.6408563528096, 0.3273204281764048, 654.3135359246332]
[10151.77761580556, 5.07588880790278, 10146.701726997659]
[1.677891884592857, 0.0008389459422964285, 1.6770529386505606]
[654.2299045852781, 0.32711495229263904, 653.9027896329854]
[10150.311546650131, 5.075155773325066, 10145.236390876807]