
[[0.086, 0.0015, 0.08449999999999999]]
[[0.032, 0.0015, 0.0305]]
[[0.005, 0.0015, 0.0035]]
[[0.198, 0.0015, 0.1965]]
[[0.137, 0.0015, 0.1355]]
[[0.126, 0.0015, 0.1245]]
[[0.106, 0.15, -0.044]]
[[0.052, 0.15, -0.098]]
[[0.076, 0.15, -0.074]]
[[0.117, 0.15, -0.03299999999999999]]
[[0.012, 0.15, -0.13799999999999998]]
[[0.12, 0.15, -0.03]]
[[0.13, 0.15, -0.01999999999999999]]
[[0.062, 0.15, -0.088]]
[[0.023, 0.15, -0.127]]
[[0.162, 0.15, 0.01200000000000001]]
[[0.149, 0.15, -0.0010000000000000009]]
[[0.122, 0.15, -0.027999999999999997]]
[[0.032, 0.15, -0.118]]
[[0.161, 0.15, 0.01100000000000001]]
[[0.067, 0.15, -0.08299999999999999]]
[[0.078, 0.15, -0.072]]
[[0.037, 0.15, -0.11299999999999999]]
[[0.091, 0.15, -0.059]]
[[0.039, 0.15, -0.11099999999999999]]
[[0.029, 0.15, -0.121]]
[[0.138, 0.15, -0.011999999999999983]]
[[0.089, 0.15, -0.061]]
[[0.234, 0.15, 0.08400000000000002]]
[[0.023, 0.15, -0.127]]
[[0.199, 0.15, 0.049000000000000016]]
[[0.048, 0.15, -0.102]]
[[0.013, 0.15, -0.13699999999999998]]
[[0.233, 0.15, 0.08300000000000002]]
[[0.129, 0.15, -0.02099999999999999]]
[[0.025, 0.15, -0.125]]
[[0.24, 0.15, 0.09]]
[[0.005, 0.15, -0.145]]
[[0.04, 0.15, -0.10999999999999999]]
[[0.061, 0.15, -0.089]]
[[0.042, 0.15, -0.10799999999999998]]
[[0.01, 0.15, -0.13999999999999999]]
[[0.059, 0.15, -0.091]]
[[0.089, 0.15, -0.061]]
[[0.084, 0.15, -0.06599999999999999]]
[[0.176, 0.15, 0.025999999999999995]]
[[0.118, 0.15, -0.032]]
[[0.118, 0.15, -0.032]]
[[0.169, 0.15, 0.019000000000000017]]
[[0.184, 0.15, 0.034]]
[[0.02, 0.15, -0.13]]
[[0.054, 0.15, -0.096]]
[[0.129, 0.15, -0.02099999999999999]]
[[0.194, 0.15, 0.04400000000000001]]
[[0.099, 0.15, -0.05099999999999999]]
[[0.055, 0.15, -0.095]]
[[0.109, 0.15, -0.040999999999999995]]
[[0.296, 0.15, 0.146]]
[[0.211, 0.15, 0.061]]
[[0.25, 0.15, 0.1]]
[[0.185, 0.15, 0.035]]
[[0.102, 0.15, -0.048]]
[[0.052, 0.15, -0.098]]
[[0.014, 0.15, -0.13599999999999998]]
[[0.102, 0.15, -0.048]]
[[0.044, 0.15, -0.106]]
[[0.317, 0.15, 0.167]]
[[0.184, 0.15, 0.034]]
[[0.007, 0.15, -0.143]]
[[0.203, 0.15, 0.05300000000000002]]
[[0.17, 0.15, 0.020000000000000018]]
[[0.252, 0.15, 0.10200000000000001]]
[[0.186, 0.15, 0.036000000000000004]]
[[0.159, 0.15, 0.009000000000000008]]
[[0.241, 0.15, 0.091]]
[[0.24, 0.15, 0.09]]
[[0.118, 0.15, -0.032]]
[[0.185, 0.15, 0.035]]
[[0.097, 0.15, -0.05299999999999999]]
[[0.076, 0.15, -0.074]]
[[0.013, 0.15, -0.13699999999999998]]
[[0.117, 0.15, -0.03299999999999999]]
[[0.088, 0.15, -0.062]]
[[0.001, 0.15, -0.149]]
[[0.025, 0.15, -0.125]]
[[0.043, 0.15, -0.107]]